NPB FT Benchmark, Class=E
Running on numLocales = 32
Problem size = 2048 x 2048 x 4096 
Time to setup FFT plans   :    21.9625 
Time to touch arrays once :     4.4795 
Checksum(1) =  5.121601045346e+02 + 5.117395998266e+02i
Checksum(2) =  5.120905403678e+02 + 5.118614716182e+02i
Checksum(3) =  5.120623229306e+02 + 5.119074203747e+02i
Checksum(4) =  5.120438418997e+02 + 5.119345900733e+02i
Checksum(5) =  5.120311521872e+02 + 5.119551325550e+02i
Checksum(6) =  5.120226088809e+02 + 5.119720179919e+02i
Checksum(7) =  5.120169296534e+02 + 5.119861371665e+02i
Checksum(8) =  5.120131225172e+02 + 5.119979364402e+02i
Checksum(9) =  5.120104767108e+02 + 5.120077674092e+02i
Checksum(10) =  5.120085127969e+02 + 5.120159443121e+02i
Checksum(11) =  5.120069224127e+02 + 5.120227453670e+02i
Checksum(12) =  5.120055158164e+02 + 5.120284096041e+02i
Checksum(13) =  5.120041820159e+02 + 5.120331373793e+02i
Checksum(14) =  5.120028605402e+02 + 5.120370938679e+02i
Checksum(15) =  5.120015223011e+02 + 5.120404138831e+02i
Checksum(16) =  5.120001570022e+02 + 5.120432068837e+02i
Checksum(17) =  5.119987650555e+02 + 5.120455615860e+02i
Checksum(18) =  5.119973525091e+02 + 5.120475499442e+02i
Checksum(19) =  5.119959279472e+02 + 5.120492304629e+02i
Checksum(20) =  5.119945006558e+02 + 5.120506508902e+02i
Checksum(21) =  5.119930795911e+02 + 5.120518503782e+02i
Checksum(22) =  5.119916728462e+02 + 5.120528612016e+02i
Checksum(23) =  5.119902874185e+02 + 5.120537101195e+02i
Checksum(24) =  5.119889291565e+02 + 5.120544194514e+02i
Checksum(25) =  5.119876028049e+02 + 5.120550079284e+02i
Successful completion of NPB FT Benchmark Class E
Elapsed time :    96.3874
MFLOPS : 813460.8478

