NPB FT Benchmark, Class=D
Running on numLocales = 128
Problem size = 1024 x 1024 x 2048 
Time to setup FFT plans   :     4.2795 
Time to touch arrays once :     0.6561 
Checksum(1) =  5.122230065252e+02 + 5.118534037109e+02i
Checksum(2) =  5.120463975765e+02 + 5.117061181082e+02i
Checksum(3) =  5.119865766760e+02 + 5.117096364601e+02i
Checksum(4) =  5.119518799488e+02 + 5.117373863950e+02i
Checksum(5) =  5.119269088223e+02 + 5.117680347632e+02i
Checksum(6) =  5.119082416858e+02 + 5.117967875532e+02i
Checksum(7) =  5.118943814638e+02 + 5.118225281841e+02i
Checksum(8) =  5.118842385057e+02 + 5.118451629348e+02i
Checksum(9) =  5.118769435632e+02 + 5.118649119387e+02i
Checksum(10) =  5.118718203448e+02 + 5.118820803844e+02i
Checksum(11) =  5.118683569061e+02 + 5.118969781011e+02i
Checksum(12) =  5.118661708593e+02 + 5.119098918835e+02i
Checksum(13) =  5.118649768950e+02 + 5.119210777066e+02i
Checksum(14) =  5.118645605626e+02 + 5.119307604484e+02i
Checksum(15) =  5.118647586618e+02 + 5.119391362671e+02i
Checksum(16) =  5.118654451572e+02 + 5.119463757241e+02i
Checksum(17) =  5.118665212451e+02 + 5.119526269238e+02i
Checksum(18) =  5.118679083821e+02 + 5.119580184108e+02i
Checksum(19) =  5.118695433664e+02 + 5.119626617538e+02i
Checksum(20) =  5.118713748264e+02 + 5.119666538138e+02i
Checksum(21) =  5.118733606701e+02 + 5.119700787219e+02i
Checksum(22) =  5.118754661974e+02 + 5.119730095953e+02i
Checksum(23) =  5.118776626738e+02 + 5.119755100241e+02i
Checksum(24) =  5.118799262314e+02 + 5.119776353561e+02i
Checksum(25) =  5.118822370068e+02 + 5.119794338060e+02i
Successful completion of NPB FT Benchmark Class D
Elapsed time :     7.2301
MFLOPS : 1239780.9910

