NPB FT Benchmark, Class=F
Running on numLocales = 256
Problem size = 4096 x 4096 x 8192 
Time to setup FFT plans   :    44.8747 
Time to touch arrays once :     8.4259 
Checksum(1) =  5.119892866928e+02 + 5.121457822747e+02i
Checksum(2) =  5.119560157487e+02 + 5.121009044434e+02i
Checksum(3) =  5.119437960123e+02 + 5.120761074285e+02i
Checksum(4) =  5.119395628845e+02 + 5.120614320496e+02i
Checksum(5) =  5.119390371879e+02 + 5.120514085624e+02i
Checksum(6) =  5.119405091840e+02 + 5.120438117102e+02i
Checksum(7) =  5.119430444528e+02 + 5.120376348915e+02i
Checksum(8) =  5.119460702242e+02 + 5.120323831062e+02i
Checksum(9) =  5.119492377036e+02 + 5.120277980818e+02i
Checksum(10) =  5.119523446268e+02 + 5.120237368268e+02i
Checksum(11) =  5.119552825361e+02 + 5.120201137845e+02i
Checksum(12) =  5.119580008777e+02 + 5.120168723492e+02i
Checksum(13) =  5.119604834177e+02 + 5.120139707209e+02i
Checksum(14) =  5.119627332821e+02 + 5.120113749334e+02i
Checksum(15) =  5.119647637538e+02 + 5.120090554887e+02i
Checksum(16) =  5.119665927740e+02 + 5.120069857863e+02i
Checksum(17) =  5.119682397643e+02 + 5.120051414260e+02i
Checksum(18) =  5.119697238718e+02 + 5.120034999132e+02i
Checksum(19) =  5.119710630664e+02 + 5.120020405355e+02i
Checksum(20) =  5.119722737384e+02 + 5.120007442976e+02i
Checksum(21) =  5.119733705802e+02 + 5.119995938652e+02i
Checksum(22) =  5.119743666226e+02 + 5.119985735001e+02i
Checksum(23) =  5.119752733481e+02 + 5.119976689792e+02i
Checksum(24) =  5.119761008382e+02 + 5.119968675026e+02i
Checksum(25) =  5.119768579280e+02 + 5.119961575929e+02i
Successful completion of NPB FT Benchmark Class F
Elapsed time :   194.0974
MFLOPS : 3507716.8010

